%localizacion de las estaciones 30 para todos los cruceros, fueron calculadas a partir de un ajuste lineal 
%linea latitud longitud   
097	  -117.080	  32.183
100	  -116.767	  31.687
103	  -116.405	  31.113
107	  -116.030	  30.517
110	  -115.668	  29.944
113	  -115.308	  29.373
117	  -114.939	  28.789
119	  -114.479	  28.059
120	  -114.578	  28.217
123	  -114.213	  27.637
127	  -113.847	  27.057
130	  -113.488	  26.488
133	  -113.130	  25.920
135	  -112.761	  25.336
137	  -112.759	  25.333
138	  -112.668	  25.189
140	  -112.401	  24.765
%140  -112.4240  24.7580
143  -112.0720  24.1810
147  -111.7190  23.6020
150  -111.3700  23.0260
153  -111.0210  22.4490
157  -110.6720  21.8700